
Program received signal SIGSEGV, Segmentation fault.
0x0000000000415561 in magiccheck (ms=0x700109bca0, m=0x7ffff701aca0) at softmagic.c:1829
1829			v = p->b;

Thread 1 (process 12891):
#0  0x0000000000415561 in magiccheck (ms=0x700109bca0, m=0x7ffff701aca0) at softmagic.c:1829
        l = 9
        v = 18
        fl = 4.59163468e-41
        fv = -1.00752969e+34
        dl = 3.1620201333839779e-322
        dv = 2.0722931348158576e-317
        matched = -150885216
        p = 0x700109bd10
#1  0x0000000000411326 in match (ms=0x62af20, magic=0x7ffff6e2c0f8, nmagic=10757, s=0x7ffff7f86010 "\022\064V\225\002\001\001", nbytes=118280, offset=0, mode=32, text=0, flip=0, indir_level=0, name_count=0x7fffffffd0e2, printed_something=0x7fffffffd0e4, need_separator=0x7fffffffd0e8, returnval=0x7fffffffd024) at softmagic.c:288
        flush = 0
        m = 0x7ffff701aca0
        magindex = 8171
        cont_level = 1
        returnvalv = 0
        e = 0
        firstline = 1
        print = 1
#2  0x0000000000410c4e in file_softmagic (ms=0x62af20, buf=0x7ffff7f86010 "\022\064V\225\002\001\001", nbytes=118280, indir_level=0, name_count=0x7fffffffd0e2, mode=32, text=0) at softmagic.c:88
        ml = 0x62b240
        rv = 0
        printed_something = 0
        need_separator = 0
        nc = 0
#3  0x000000000040e29c in file_buffer (ms=0x62af20, fd=3, inname=0x7fffffffd8a6 "file-5.22.2946_R_0x12345678-0x123456f8/CRASH_INPUT", buf=0x7ffff7f86010, nb=118280) at funcs.c:230
        m = 0
        rv = 0
        looks_text = 0
        mime = 0
        ubuf = 0x7ffff7f86010 "\022\064V\225\002\001\001"
        u8buf = 0x7ffff7e9e010
        ulen = 0
        code = 0x423005 "unknown"
        code_mime = 0x42300d "binary"
        type = 0x423a01 "application/octet-stream"
        def = 0x423a1a "data"
        ftype = 0x42300d "binary"
#4  0x00000000004041d2 in file_or_fd (ms=0x62af20, inname=0x7fffffffd8a6 "file-5.22.2946_R_0x12345678-0x123456f8/CRASH_INPUT", fd=3) at magic.c:475
        rv = -1
        buf = 0x7ffff7f86010 "\022\064V\225\002\001\001"
        sb = {st_dev = 66306, st_ino = 28846405, st_nlink = 1, st_mode = 33204, st_uid = 1000, st_gid = 1000, __pad0 = 0, st_rdev = 0, st_size = 118280, st_blksize = 4096, st_blocks = 232, st_atim = {tv_sec = 1465424835, tv_nsec = 462764866}, st_mtim = {tv_sec = 1465424835, tv_nsec = 466764982}, st_ctim = {tv_sec = 1465424835, tv_nsec = 466764982}, __glibc_reserved = {0, 0, 0}}
        nbytes = 118280
        ispipe = 0
        pos = -1
#5  0x0000000000403da8 in magic_file (ms=0x62af20, inname=0x7fffffffd8a6 "file-5.22.2946_R_0x12345678-0x123456f8/CRASH_INPUT") at magic.c:353
No locals.
#6  0x00000000004030aa in process (ms=0x62af20, inname=0x7fffffffd8a6 "file-5.22.2946_R_0x12345678-0x123456f8/CRASH_INPUT", wid=50) at file.c:497
        type = 0x1 <error: Cannot access memory at address 0x1>
        std_in = 0
#7  0x0000000000402add in main (argc=2, argv=0x7fffffffd4a8) at file.c:370
        j = 2
        wid = 50
        nw = 50
        c = -1
        i = 4320765
        action = 0
        didsomefiles = 0
        errflg = 0
        flags = 0
        e = 0
        magic = 0x62af20
        longindex = 32767
        magicfile = 0x0
A debugging session is active.

	Inferior 1 [process 12891] will be killed.

Quit anyway? (y or n) [answered Y; input not from terminal]
